Submitting: 
3276471.40 0
7 7 7 7 7 7 6 7 7 7 10 7 7 7 7 7 7 6 7 7 7 7 7 7 7 7 21 7 7 7 7 7 7 16 7 7 11 6 7 7 7 7 7 7 7 7 7 7 9 7
Submitting: 
3791505.04 0
17 24 19 25 14 15 34 3 9 24 35 42 41 24 49 3 16 26 30 22 0 41 9 34 9 13 19 8 38 24 24 7 9 20 31 33 28 9 28 25 38 40 35 7 2 23 27 25 41 9 34 44 41 18 35 5 9 48 14 35 31 35 44 43 9 4 8 14 25 45 17 12 41 39 46 6 8 35 6 24 40 47 31 24 31 24 24 0 34 9 7 2 5 39 20 35 24 40 31 3 47 6 39 16 31 44 2 16 9 13 8 9 47 35 15 24 43 25 46 16 35 28 34 35 13 5 8 35 18 11 38 39 43 41 47 44 9 41 9 38 38 28 23 9 28 17 42 41 47 9 35 32 29 8 45 49 16 20 26 31 38 5 49 10 7 27 44 29 34 10 2 41 13 31 40 17 35 49 44 33 4 2 16 47 28 9 3 31 11 16 31 25 21 42 13 31 8 40 44 45
Submitting: 
4088.23 0
70 70 25 95 70 77 55 70 71 77 77 77 70 25 25 77 55 25 55 96 55 71 70 16 70 70 77 70 80 55 70 70 77 30 70 77 95 55 70 55 70 71 77 25 55 89 77 77 70 70 16 70 70 70 70 55 77 70 71 55 70 65 77 86 55 77 77 70 70 55 70 77 70 70 70 25 70 70 80 71 70 70 77 55 70 66 70 70 71 96 55 25 70 66 77 55 55 55 77 70
Submitting: 
178669106.40 0
28 91 64 56 1 34 51 37 79 43 9 8 28 8 51 5 31 51 93 91 0 51 3 64 51 51 3 51 24 79 7 74 91 9 27 50 27 10 51 53 41 22 62 3 66 51 94 23 27 86 51 64 51 72 8 51 51 91 91 51 51 86 43 38 37 22 51 48 51 91 51 34 51 64 41 51 5 35 51 51 83 22 34 93 51 7 3 44 50 51 51 34 4 78 91 23 7 37 1 51 50 28 51 91 51 51 23 5 91 9 50 51 51 7 51 58 51 42 51 14 89 72 51 10 32 9 7 27 51 37 58 7 51 90 51 34 51 41 27 80 51 53 51 3 91 12 5 51 93 51 89 51 51 34 51 22 72 51 51 37 37 79 51 27 16 32 34 80 61 72 24 41 37 91 83 51 37 44 31 14 23 63 51 7 79 91 51 33 34 86 51 23 57 89 51 51 37 38 37 51 51 51 28 51 12 7 39 27 37 30 51 9 51 51 51 5 18 9 22 5 40 3 56 27 30 51 51 54 57 37 32 17 91 53 51 27 37 56 51 51 3 34 76 24 58 3 38 32 64 99 7 37 83 51 24 51 51 51 3 51 78 58 51 66 22 72 41 23 91 15 2 96 27 51 99 10 12 62 41 51 91 27 74 78 34 47 51 34 7 22 58 51 51 97 72 41 51 91 51 7 36 3 86 39 44 34 9 47 34 41 51 91 34 70 7 51 83 47 7 51 5 23 51 51 23 94 64 51 54 99 27 23 51 51 51 34 51 51 5 93 51 51 51 82 84 27 98 17 51 24 51 99 7 5 51 37 41 51 22 51 48 51 15 71 88 51 7 77 37 51 99 51 51 3 51 51 3 51 91 91 51 51 5 8 27 96 37 91 51 7 51 99 91 96 51 32 7 25 55 31 96 9 37 51 61 63 27 51 51 22 32 51 32 91 51 51 27 41 51 51 43 51 51 87 14 51 27 68 51 37 66 51 51 7 22 51 28 51 44 8 51 34 24 50 51 62 51 51 53 76 32 51 7 51 3 24 51 93 51 31 51 51 3 88 60 51 51 24 51 23 52 7 34 51 22 64 32 24 57 65 51 2 94 27 51 22 17 33 24 14 0 91 51 48 91 9 7 66 22 37 38 33 3 7 51 27 37 80 51 51 94 7 91 79 34 51 64 24 38 51 32 3 51 18 56 64 51 51 37 27 91 51 52 51 38 36 69 64 51 51 51 51 38 51 91 24 51 66 51 51 51 39 91 51 50 97 44 51 51 7 37 60 51 27 41 51 51 9 51 51 5 62 50 78 51 27 27 76 91 51 40 51 21 77 55 78 38 45 72 51 46 51 51 37 37 23 34 51 24 51 50 12 38 51 44 51 50 64 34 51 78 86 72 28 51 99 65 27 4 86 51 51 86 1 51 22 51 66 51 51 51 57 22 51 34 23 90 51 99 60 34 90 51 90 37 17 24 32 51 51 74 11 91 22 51 24 51 83 51 66 27 12 51 51 51 41 34 51 54 1 96 51 51 76 27 32 61 5 51 94 34 41 27 37 51 84 93 87 37 5 51 51 61 27 51 37 3 25 24 9 79 51 21 51 27 51 34 51 56 1 23 96 47 24 26 11 51 37 51 51 91 91 27 51 99 34 51 99 38 32 42 51 76 51 17 34 3 58 51 28 51 51 87 12 40 9 22 94 9 34 27 1 51 38 50 9 56 64 85 51 90 72 51 22 86 51 91 51 50 24 13 27 9 51 99 15 7 51 51 37 72 51 51 51 6 41 94 51 91 51 24 51 91 44 51 79 55 27 22 22 51 34 51 51 23 1 22 23 3 51 23 5 24 8 51 27 37 41 51 5 87 51 7 8 7 25 34 51 91 91 51 51 39 41 51 64 1 72 51 51 51 5 29 32 51 32 51 7 50 89 51 87 51 51 34 51 51 91 51 9 51 7 95 39 8 9 94 14 27 51 37 0 48 51 51 43 1 64 23 5 22 37 92 8 79 23 51 51 51 28 38 64 51 72 51 51 53 96 51 51 84 49 32 76 51 73 51 37 51 24 6 51 34 5 51 3 86 7 44 99 3 22 73 1 58 22 51 51 5 7 51 86 67 27 72 51 37 90 51 34 51 23 51 5 51 34 51 27 51 7 72 69 35 51 89 23 5 51 34 91 24 38 86 91 87 41 17 27 99 28 91 51 53 87 89 8 27 92 5 96 47 51 51 51 51 5 80 91 51 96 3 32 51 51 32 86 91 51 91 37
Submitting: 
5389415.95 0
155 0 132 66 111 33 116 24 6 161 167 19 35 48 136 183 99 169 35 44 60 85 139 192 167 9 95 118 51 151 68 180 72 175 3 28 20 157 120 114 180 49 48 175 142 35 102 9 123 145 133 18 4 157 90 23 59 3 160 148 183 167 3 26 5 37 25 25 90 198 18 162 166 82 60 118 101 54 159 30 123 132 125 77 37 193 77 62 2 180 18 30 156 67 85 33 75 94 162 90 11 108 149 119 46 118 175 192 140 42 144 99 34 120 43 30 165 33 139 69 58 32 185 91 0 171 180 65 6 197 66 6 5 4 123 155 98 66 49 18 105 60 106 133 69 32 140 83 119 4 142 92 160 41 0 93 176 22 166 83 32 101 41 123 118 32 121 27 56 123 59 135 83 85 49 32 22 185 1 95 167 27 60 94 199 139 15 15 48 151 196 74 178 60 49 26 35 163 179 123 144 93 9 104 176 183 136 86 21 173 121 102 43 25 68 94 4 108 165 116 92 10 175 28 99 62 165 134 175 186 55 177 32 2 160 102 23 6 94 145 14 133 123 118 167 117 100 106 100 107 197 45 151 35 53 133 134 134 172 90 89 27 7 152 43 28 186 144 133 145 198 85 126 153 126 42 4 164 21 132 108 160 137 161 193 45 169 2 74 116 12 123 59 114 58 181 157 167 189 152 151 78 20 21 113 31 145 46 70 147 18 120 175 26 81 197 26 169 190 137 28 16 179 169 116 199 101 24 135 141 116 120 118 182 159 22 25 5 145 35 144 65 134 96 102 170 54 50 161 3 19 69 171 168 69 179 91 135 108 35 125 141 184 89 126 183 126 116 171 79 5 35 34 101 197 87 70 148 87 79 29 71 116 100 17 64 165 119 153 69 5 157 133 89 181 154 84 20 67 96 76 69 96 45 35 180 137 79 190 65 151 79 175 183 81 94 27 12 189 178 139 92 27 24 181 159 54 198 197 151 145 120 155 144 23 71 69 31 195 159 186 188 6 3 159 43 188 57 64 60 18 13 7 37 139 73 19 61 190 26 188 34 7 34 104 173 65 159 167 136 136 27 137 26 46 152 25 184 22 71 75 126 78 144 101 12 102 144 68 137 113 196 171 30 141 56 135 146 3 172 132 186 44 144 186 52 69 119 29 188 149 144 45 89 45 176 65 197 162 95 100 160 102 22 175 7 188 123 180 9 21 119 154 3 144 27 159 7 45 186 144 123 70 97 168 173 71 62 120 60 36 160 145 71 192 177 2 167 70 158 139 135 161 186 42 86 6 108 92 166 94 66 101 62 55 165 92 176 106 34 72 168 135 2 68 149 198 180 151 137 24 160 185 89 172 176 140 43 146 142 157 114 160 139 114 183 73 66 197 85 44 171 183 183 192 3 108 141 108 108 171 72 43 98 112 6 33 95 4 97 32 192 3 165 26 181 135 115 101 179 179 72 149 199 192 198 180 39 94 49 134 174 199 110 72 197 162 179 87 68 173 121 193 167 47 165 2 28 81 106 127 106 75 133 43 51 26 41 57 21 36 60 46 126 85 1 136 48 71 86 178 197 37 171 178 56 179 167 142 66 34 168 36 32 100 165 55 153 199 57 4 114 166 51 2 19 110 72 19 157 51 180 101 42 98 118 4 43 52 56 90 85 9 34 102 52 51 60 186 34 60 179 60 76 151 144 24 189 137 153 84 30 69 139 94 150 157 168 27 125 79 185 116 173 172 140 94 43 52 185 168 103 133 183 190 51 152 83 32 175 12 33 127 105 26 189 112 141 156 40 24 190 199 180 178 79 22 114 56 105
Submitting: 
38397448.07 0
131 33 359 206 283 13 239 76 427 327 237 330 342 231 277 112 394 326 157 402 108 90 187 408 378 272 194 236 386 427 232 300 402 20 190 186 34 39 339 9 214 490 51 470 338 386 343 458 276 104 498 308 478 482 372 481 51 134 200 9 178 167 394 44 366 167 239 50 92 402 104 241 6 366 9 10 346 91 38 112 50 138 329 475 158 190 82 162 445 302 388 390 482 310 26 381 29 150 152 431 450 34 67 31 142 498 480 277 21 45 412 299 489 381 389 319 221 490 337 129 72 289 248 359 245 224 258 359 13 355 80 45 75 394 26 215 443 121 57 384 170 475 348 234 69 36 9 38 165 198 332 318 418 50 209 394 494 152 256 125 440 141 474 375 150 399 233 6 36 166 324 299 92 309 53 298 128 314 409 156 436 480 399 103 454 257 39 433 354 85 82 143 133 163 239 145 227 384 11 100 394 449 206 423 10 302 137 78 455 303 491 475 305 320 114 31 127 61 94 446 238 438 64 74 350 225 324 356 260 111 65 38 37 451 225 69 94 94 39 337 366 117 372 138 411 189 6 26 382 403 440 430 293 98 454 134 22 138 224 290 483 293 366 163 146 146 91 32 499 355 440 170 195 145 221 194 151 308 276 219 13 312 416 141 327 308 382 16 426 28 408 70 389 430 13 309 444 26 495 342 203 147 226 458 115 40 15 38 271 162 495 355 326 324 17 18 377 167 309 309 254 142 249 64 407 390 18 376 165 221 93 481 144 139 429 261 160 35 450 483 485 9 136 219 279 429 344 9 238 452 10 26 429 321 355 163 300 100 403 214 128 340 160 38 10 100 207 390 450 289 108 368 264 201 488 449 295 313 174 443 181 79 159 335 180 155 399 112 221 157 470 330 14 433 156 215 222 232 200 127 303 187 80 334 187 478 342 346 91 100 223 140 142 335 224 490 276 312 100 57 137 98 147 354 135 130 422 221 237 316 118 14 244 43 493 330 374 40 342 229 448 286 444 300 406 152 432 203 0 159 77 77 130 497 36 136 381 51 261 246 297 144 343 72 157 16 194 276 200 39 127 246 91 96 474 64 363 450 320 189 87 136 340 476 12 149 421 57 369 289 21 218 103 180 287 313 130 344 394 48 18 163 477 69 483 367 482 87 38 317 181 31 326 17 294 22 168 477 165 241 67 115 464 30 263 214 342 43 321 385 414 95 172 301 90 412 325 210 469 161 361 237 84 382 243 402 137 113 487 44 16 390 13 452 215 145 117 408 125 448 45 203 309 176 216 361 137 221 443 429 260 78 360 346 84 6 309 94 155 125 449 306 30 468 343 474 219 139 250 263 77 186 322 261 158 272 5 328 24 133 341 299 397 218 11 18 366 16 393 438 319 143 184 229 423 439 189 433 381 362 448 110 104 243 43 150 39 143 270 189 452 69 379 436 483 392 75 186 476 263 422 295 421 371 234 91 15 193 414 201 149 7 408 488 214 488 147 289 236 115 426 361 385 316 303 139 67 456 129 235 109 413 402 481 224 14 381 208 331 367 283 373 49 371 437 260 3 18 325 321 187 208 158 272 162 340 174 130 446 86 252 123 71 427 241 272 142 483 427 8 256 307 138 320 430 244 72 157 5 477 149 256 325 394 494 177 215 131 16 381 294 112 72 137 225 40 463 499 270 26 444 235 26 201 284 78 61 346 119 184 356 298 84 153 278 215 156 493 341 9 142 34 397 65 198 397 130 486 384 179 448 10 305 45 145 16 407 88 381 446 215 253 264 260 167 131 18 78 250 132 15 395 39 453 469 280 221 55 39 454 214 382 104 99 446 156 232 388 195 430 282 337 487 335 467 109 498 78 55 168 372 10 239 72 343 64 237 335 53 380 338 446 197 233 257 250 158 460 18 442 418 440 43 351 142 215 238 451 309 261 451 472 175 277 453 446 123 110 260 276 187 343 344 21 437 210 359 50 158 349 337 296 457 117 229 472 150 111 307 203 360 21 424 340 138 105 171 149 77 16 298 298 301 360 73 209 109 411 92 470 339 405 155 259 448 277 153 141 157 103 156 24 187 277 130 250 125 186 216 238 230 2 57 67 206 467 173 114 282 0 406 442 414 163 359 494 230 45 199 85 69 431 408 360 173 124 138 237 263 40 119 297 215 22 471 127 359 202 477 471 43 198 6 323 46 169 465 186 448 168 412 448 142 210 48 43 312 46 169 240 217 499 443 55 34 114 272 127 169 492 35 207 498 54 6 13 94 45 61 335 72 477 229 75 477 285 30 142 436 6 356 361 236 240 145 464 142 34 437 237 0 477 270 90 266 339 436 5 321 178 391 284 192 320 382 353 418 460 308 374 100 49 62 125 163 10 342 164 270 448 280 98 39 229 355 16 486 444 38 472 371 13 111 252 142 289 217 379 493 370 240 111 56 277 124 184 376 15 64 16 227 142 408 481 93 367 46 477 299 21 294 302 120 93 18 0 158 178 387 473 22 485 104 453 327 496 112 450 436 114 265 256 359 238 273 293 454 103 14 437 488 475 149 256 433 210 13 229 240 320 346 85 330 136 156 9 93 154 276 117 377 10 313 61 497 11 269 155 151 245 214 251 57 125 424 356 274 227 202 183 233 458 275 67 38 55 236 403 480 247 342 225 259 337 451 209 5 431 210 377 76 353 304 361 483 207 302 395 408 352 117 344 67 214 387 480 366 17 417 147 179 470 445 77 67 113 266 157 203 10 191 477 333 274 342 421 475 436 447 102 22 365 275 490 395 194 221 106 225 9 346 176 24 142 52 291 425 157 247 433 414 250 111 214 282 207 420 299 226 384 217 72 194 489 191 229 4 451 26 340 139 257 55 273 389 318 64 15 408 431 136 329 238 9 105 128 221 449 302 275 110 355 103 129 216 324 71 497 6 285 187 385 424 232 14 255 349 461 460 126 432 355 429 342 488 416 99 121 100 90 312 127 469 284 209 170 407 482 479 128 471 214 77 66 476 338 24 261 360 274 226 108 35 286 342 61 300 428 239 167 15 120 121 325 330 36 382 275 320 98 319 6 331 450 253 498 108 50 67 391 57 162 239 309 15 149 390 287 422 474 438 114 359 120 2 276 465 59 309 382 11 427 312 210 230 321 394 390 64 408 256 224 14 463 261 452 77 175 412 110 20 162 240 144 480 28 313 163 305 351 431 203 382 489 381 443 394 274 73 349 209 404 53 200 10 215 42 416 137 369 271 128 463 199 133 311 230 222 494 437 156 162 137 141 8 15 230 309 432 194 340 324 254 5 146 24 100 420 78 11 113 263 69 394 489 10 66 172 474 216 45 316 360 237 444 498 448 169 76 374 21 111 64 183 173 497 55 124 22 53 446 490 209 256 206 446 458 26 307 16 91 38 430 226 10 263 483 443 260 454 324 251 472 16 360 3 51 69 125 450 96 348 155 185 219 449 147 346 312 251 2 120 490 152 257 280 464 162 320 220 364 462 455 346 203 411 142 223 299 283 418 377 242 17 57 388 326 211 422 440 353 116 173 241 39 335 266 41 418 145 187 359 412 109 488 166 181 374 10 84 349 473 79 468 421 297 142 267 305 147 263 15 359 298 368 308 161 289 280 93 0 289 363 416 14 112 285 333 489 19 253 276 50 194 129 477 93 148 179 147 164 347 444 17 68 334 429 240 295 391 365 229 134 207 294 356 48 168 446 346 113 371 382 272 238 216 67 238 450 16 91 77 263 264 95 374 50 22 198 202 225 390 366 302 479 263 10 449 449 178 481 482 321 354 15 381 137 377 467 109 215 240 394 216 386 393 124 369 263 488 161 277 203 265 393 287 412 104 363 462 94 45 455 74 359 361 442 342 167 92 224 434 246 308 0 64 392 23 229 178 111 240 245 275 249 217 397 403 2 81 110 94 443 80 272 236 92 39 87 17 150 33 229 16 18 408 484 75 100 292 26 50 369 355 369 402 359 135 394 199 427 311 402 143 40 245 488 221 33 244 248 393 229 320 271 476 18 363 440 160 100 320 172 240 496 213 170 42 56 436 190 39 186 394 76 221 138 253 11 63 456 35 155 431 466 342 104 488 14 259 119 485 258 167 299 338 338 322 85 244 276 162 469 364 369 277 223 178 77 447 277 317 375 113 402 379 416 223 390 259 161 12 394 127 278 198 104 314 446 334 313 299 384 156 430 134 127 367 268 6 271 262 158 467 187 308 245 119 276 17 489 0 467 18 62 104 456 489 483 98 53 68 68 350 469 111 209 401 165 95 430 230 208 408 214 61 55 157 16 127 222 78 31 259 136 58 408 471 241 177 34 483 155 483 38 123 93 446 219 13 87 355 221 150 63 455 367 322 329 10 238 173 218 279 470 214 218 12 33 285 399 487 18 11 497 411 14 296 65 166 77 2 93 26 240 112 207 432 390 427 420 15 360 431 173 203 100 411 237 123 15 341 92 149 61 411 318 152 77 465 368 50 219 94 364 190 66 182 268 21 202 224 229 351 146 100 271 226 272 141 12 456 226 279 114 223 256 229 35 385 444 325 13 433 81 480 342 309 250 6 335 167 436 115 310 241 354 216 254 57 283 44 434 183 39 187 82 145 409 224 215 8 268 442 448 112 461 310 413 203 321 384 115 360 259 249 330 474 11 335 488 17 350 14 496 354 0 213 48 244 342 296 219 125 488 103 287 275 305 32 473 445 163 209 12 417 213 480 123 461 241 16 367 368 346 254 297 487 191 15 169 216 16 256 211 267 233 364 193 456 423 259 390 11 376 208 226 175 367 87 399 297 227 246 128 289 409 64 112 226 98 276 13 128 307 211 372 169 313 119 97 95 374 224 128 282 469 72 104 97 14 76 471 272 374 18 92 107 162 130 14 434 175 416 169 53 40 433 7 218 453 408 433 405 98 282 16 255 20 284 237 202 326 61 475 250 338 272 194 135 419 214 148 141 242 374 284 309 47 343 190 131 170 237 217 469 0 9 111 16 289 201 45 432 8 471 240 129 193 18 114 147 174 442 489 193 223 205 403 74 40 13 397 400 313 464 248 317 100 382 126 135 450 36 198 35 129 61 47 81 121 14 70 366 290 444 53 275 257 307 320 367 283 85 8 219 308 219 283 91 40 298 78 259 186 148 367 309 10 384 33 467 217 33 19 450 346 279 208 141 489 469 178 74 38 394 284 81 340 287 449 179 35 263 399 18 486 69 335 84 130 77 8 27 261 284 294 430 430 202 94 143 485 260 275 408 311 157 153 190 269 21 387 143 223 175 449 421 369 448 30 152 324 344 377 423 86 130 207 205 388 158 430 259 231 224 330 495 406 200 68 113 217 437 39 418 492 340 455 109 112 138 248 84 100 257 329 403 211 123 320 82 112 191 63 331 181 177 128 13 21 279 445 72 147 382 200 451 434 399 97 25 228 305 468 2 263 263 482 208 418 285 119 437 94 427 472 21 182 335 410 82 62 250 316 65 258 387 70 298 402 284 403 201 214 219 130 90 468 193 277 226 18 222 275 17 228 209 272 243 145 320 498 95 217 57 50 113 373 436 479 483 198 134 362 116 483 43 483 29 210 468 66 460 398 454 270 76 452 443 32 364 455 125 147 280 55 289 310 441 145 282 126 90 427 226 124 241 259 448 180 381 260 79 289 493 284 443 75 449 450 51 293 470 372 431 127 446 241 442 157 32 340 102 296 495 137 123 114 423 17 95 366 280 493 394 342 498 450 172 345 477 127 307 268 307 160 221 33 178 256 313 64 340 402 400 268 302 321 307 33 185 436 22 361 247 352 248 274 412 394 229 366 387 214 187 295 339 81 438 210 295 190 267 462 372 324 493 279 270 176 70 217 230 207 158 141 0 323 117 450 373 23 178 391 235 36 369 11 293 47 259 464 131 264 325 215 407 196 469 384 57 429 381 73 462 208 323 261 388 168 14 21 160 471 474 301 35 11 293 493 340 76 196 250 300 226 442 190 5 207 319 430 221 360 21 486 395 209 187 102 58 292 401 294 152 284 154 349 9 107 125 410 410 226 162 147 438 156 155 189 61 188 191 392 467 446 233 328 346 127 443 342 330 322 250 39 448 152 226 239 187 70 468 37 216 175 380 94 157 44 125 483 381 480 112 408 324 402 289 301 72 256 276 172 66 260 209 450 483 421 263 125 129 38 481 443 338 155 81 241 278 324 349 175 216 317 69 79 127 431 302 267 312 134 361 431 141 367 230 233 421 348 225 273 403 72 418 460 309 490 340 237 231 479 64 314 493 352 360 11 377 138 310 216 438 261 234 252 47 230 369 273 460 472 157 85 238 375 344 369 278 320 209 56 61 487 480 313 246 248 346 222 487 217 301 416 372 77 425 74 56 437 201 333 111 407 471 180 29 472 121 216 489 213 130 297 464 284 438 18 268 127 51 430 165 284 15 311 394 228 344 21 11 209 437 259 18 128 366 229 156 126 407 421 49 429 192 157 220 98 144 13 190 131 61 196 30 266 71 448 493 85 10 67 399 85 274 261 477 418 325 264 419 64 380 116 305 42 216 256 237 12 469 339 219 473 378 112 39 218 241 89 81 41 412 161 11 82 338 255 434 193 480 144 91 297 11 300 416 322 483 5 70 22 388 226 22 172 225 486 388 161 216 277 402 181 296 325 269 193 54 369 417 112 180 338 215 254 250 330 264 257 377 277 394 467 303 476 235 300 204 382 330 263 480 203 168 311 63 235 136 6 21 326 59 490 140 299 198 167 194 239 232 402 224 85 378 207 118
Submitting: 
10724917.99 0
518 110 298 258 96 757 393 697 743 485 778 29 169 188 411 172 34 494 669 559 805 867 741 673 509 41 730 14 444 137 773 842 257 397 976 102 844 552 538 699 714 678 521 15 535 678 817 329 435 204 821 469 295 31 578 117 391 688 930 999 781 407 219 884 599 0 596 580 961 912 48 98 873 317 370 193 431 129 471 87 650 407 521 427 106 501 959 187 607 24 949 653 958 7 959 766 197 275 962 594 403 339 81 73 929 961 962 625 534 837 735 27 971 610 78 499 306 814 379 541 127 214 897 496 511 415 97 954 507 250 497 646 836 822 479 517 956 479 720 235 322 278 361 932 893 780 346 806 869 123 55 661 742 398 705 324 101 978 804 114 844 668 858 437 457 842 77 140 925 885 286 388 567 45 636 199 213 483 489 496 119 275 731 121 763 397 699 967 831 821 832 960 175 139 989 26 300 558 999 963 696 409 98 350 976 710 556 428 367 880 330 780 176 750 875 478 329 214 174 956 449 684 204 874 670 157 216 244 97 54 8 682 325 103 347 83 985 92 553 94 322 661 940 735 306 984 115 538 437 132 713 792 273 827 264 452 259 848 688 136 366 788 805 830 947 236 848 394 289 213 735 240 400 21 991 772 371 772 753 362 154 272 393 124 230 502 60 64 22 364 42 175 809 19 246 749 291 464 233 610 279 54 567 643 163 828 459 757 917 326 514 287 368 295 494 564 972 78 858 693 333 821 791 716 791 850 863 786 203 594 96 913 379 402 861 361 816 192 747 235 81 447 271 501 301 973 970 633 535 56 586 627 369 439 852 160 261 154 723 774 781 265 856 313 875 171 23 338 475 497 95 852 780 325 144 776 982 940 508 104 47 546 41 891 698 316 47 541 575 11 931 58 969 727 886 453 907 113 8 226 279 653 548 612 568 56 233 430 977 212 279 185 218 861 116 933 293 544 967 478 848 14 848 936 351 629 210 909 382 308 950 119 73 148 524 987 770 983 834 829 838 904 329 910 132 776 774 394 183 687 297 39 515 384 293 772 592 19 38 333 36 670 47 713 27 229 108 511 60 955 340 245 574 262 225 669 246 613 437 625 213 817 517 365 877 746 961 548 651 264 356 85 110 232 920 179 252 380 619 618 71 431 936 801 404 406 544 611 576 356 796 14 187 199 209 811 840 652 339 278 62 728 324 475 639 971 340 414 972 128 354 539 88 152 783 136 910 779 883 974 225 287 976 127 552 36 207 778 794 532 584 633 849 253 343 925 628 566 704 304 971 216 446 514 681 525 484 697 566 850 881 600 26 867 332 885 427 796 134 785 652 720 320 233 583 763 438 204 751 611 772 380 598 232 65 229 802 750 494 146 676 388 273 208 338 286 524 23 51 869 363 698 949 614 221 574 653 315 903 621 95 180 321 816 391 615 960 948 734 259 974 816 512 666 914 406 546 838 85 990 977 655 794 695 640 143 329 464 791 953 684 899 175 824 747 648 915 704 30 237 519 570 545 14 128 631 351 221 682 676 360 391 716 132 795 140 843 233 727 770 949 217 2 590 523 486 590 938 316 137 200 830 641 960 384 235 861 733 963 51 817 406 455 855 926 493 804 833 736 887 384 999 107 490 893 248 697 856 200 104 674 410 699 165 608 169 413 972 29 475 364 51 928 775 155 541 367 880 830 480 251 346 657 929 633 476 88 985 381 992 135 130 967 431 783 259 150 533 278 350 947 805 678 735 273 788 533 974 522 125 530 8 207 699 406 612 602 468 160 532 135 314 371 695 240 231 683 394 233 658 532 830 205 988 736 388 590 564 425 996 207 625 840 541 452 858 920 909 241 257 10 101 499 537 518 707 786 596 556 141 843 466 363 30 751 336 330 698 472 537 887 123 506 307 562 268 44 435 24 655 800 681 537 773 435 671 971 162 765 120 195 3 594 396 144 151 114 215 723 167 681 609 902 150 4 553 750 328 493 218 173 237 225 711 863 427 79 7 241 985 376 961 471 281 669 303 307 564 602 548 765 283 94 600 92 529 810 329 575 494 855 926 874 566 3 410 290 567 652 514 972 298 287 890 813 426 926 463 854 822 694 328 395 954 690 544 209 887 442 94 832 843 980 70 391 96 676 78 368 92 392 954 194 601 149 65 228 548 362 880 648 38 418 55 437 293 194 192 339 933 336 89 893 516 185 253 600 505 530 434 641 687 185 361 243 967 426 306 342 687 252 748 193 512 453 750 39 978 138 871 436 373 232 210 477 110 283 351 9 740 929 403 508 731 147 697 822 590 114 874 134 383 676 912 441 133 955 146 628 199 78 368 855 746 118 103 210 150 59 796 484 402 415 965 418 790 456 941 86 602 706 901 367 692 953 165 850 506 137 393 473 142 119 918 979 152 625 937 461 62 627 679 809 740 25 433 51 380 332 110 962 881 936 492 709 859 674 730 895 284 431 628 917 875 458 969 250 506 194 426 230 970 431 875 21 807 548 238 831 106 192 561 606 467 807 176 455 499 817 205 885 911 34 224 599 970 63 85 66 496 196 377 116 576 152 521 995 854 822 858 692 743 803 225 367 873 478 383 792 126 979 941 714 925 26 967 978 995 577 707 869 688 129 545 235 285 300 692 767 977 842 735 490 907 408 374 246 654 534 995 805 641 666 899 46 158 234 957 835 461 816 189 352 74 707 137 721 63 131 655 863 246 425 175 867 350 475 933 558 562 27 648 176 204 918 835 77 541 111 940 810 567 947 427 0 278 301 317 635 73 496 102 229 697 116 293 899 229 442 3 665 175 251 723 948 445 144 886 125 631 62 0 695 183 123 871 738 296 84 157 240 773 336 378 968 14 318 45 637 155 546 599 794 190 821 594 29 187 948 62 354 419 256 701 187 579 264 288 480 923 579 809 333 295 14 799 639 563 251 409 286 99 555 265 576 438 938 501 354 594 397 138 224 268 521 751 499 801 354 161 582 682 490 782 648 886 146 656 368 308 331 765 123 763 802 374 172 805 251 895 185 744 360 999 928 96 525 959 948 980 849 919 50 901 611 195 565 901 535 611 141 965 518 966 879 646 491 449 517 709 770 526 986 261 818 937 956 767 818 859 198 816 843 138 893 153 458 530 501 857 286 757 171 694 530 183 106 470 443 56 217 43 766 875 844 230 215 445 554 343 628 468 450 173 458 621 682 61 295 597 212 596 678 201 849 969 574 916 116 601 223 480 239 792 365 459 26 884 205 128 352 903 416 388 986 484 491 772 562 188 72 204 593 194 374 797 15 809 277 940 384 708 214 31 165 146 807 546 836 16 628 679 823 799 492 279 559 4 251 883 783 832 849 475 804 234 435 478 951 578 485 835 281 81 696 828 835 408 881 681 425 293 622 469 139 177 627 271 488 128